src/main/ipc/skillHandlers.ts
  uncovered_count: 933
  uncovered_lines: 71,72,107,108,109,110,111,112,113,114,115,116,117,118,119,120,121,122,123,124,125,126,127,128,133,134,135,136,137,138,139,140,141,142,143,144,145,146,147,148,155,156,157,158,159,160,161,162,163,164,165,166,167,168,169,170,171,172,173,180,181,182,183,184,185,187,188,189,190,191,192,195,198,199,200,201,202,203,206,207,208,209,210,211,212,213,220,221,222,223,224,225,227,228,229,230,231,232,233,234,241,242,243,244,245,246,247,248,249,250,251,252,253,254,255,256,257,258,259,260,261,262,263,264,265,266,267,268,299,300,301,302,303,353,354,355,356,357,358,359,360,361,362,363,364,365,366,367,368,369,376,377,378,379,380,381,382,383,384,385,386,387,388,389,390,391,392,393,394,395,396,418,419,420,421,422,423,426,427,428,429,430,431,433,436,437,438,439,440,441,442,443,444,447,448,449,450,451,452,453,454,455,458,459,460,461,462,463,464,465,466,467,470,471,472,473,474,475,476,477,478,479,480,481,482,485,486,487,488,489,490,491,492,493,494,495,496,497,499,500,501,502,503,504,505,506,507,508,515,516,517,518,519,520,521,522,523,524,525,526,527,528,529,530,531,532,533,534,535,536,537,538,539,540,541,548,549,550,551,552,553,554,555,556,557,558,559,560,561,562,563,564,565,566,567,568,569,570,571,572,573,574,575,576,577,578,579,580,587,588,589,590,591,592,594,595,596,597,598,599,600,601,602,603,604,605,606,607,608,609,610,617,618,619,620,621,622,623,624,625,626,628,629,630,631,632,633,634,635,636,637,638,639,640,641,642,643,644,645,646,647,654,655,656,657,658,659,660,661,662,663,665,666,667,668,669,670,671,672,673,674,675,676,677,678,679,680,681,688,689,690,691,692,693,694,695,696,697,699,700,701,702,703,704,705,706,707,708,709,710,711,714,719,720,721,722,723,724,725,726,727,728,729,730,731,773,774,775,776,777,778,779,780,781,782,783,784,792,795,796,797,798,799,800,810,811,812,813,815,816,817,818,819,820,821,822,823,824,825,826,827,828,829,830,831,832,833,836,837,838,839,840,841,842,843,844,845,846,847,848,849,852,853,855,856,859,860,861,862,863,864,865,866,867,868,869,870,871,872,873,874,875,876,877,878,879,880,881,882,883,884,885,887,888,889,890,891,892,893,894,897,898,899,900,901,902,903,904,905,906,907,908,909,910,913,914,916,917,918,919,920,921,922,923,926,927,928,929,930,931,932,933,934,935,936,939,940,942,943,944,945,946,947,948,949,952,953,954,955,956,957,958,959,960,961,962,965,966,968,969,970,971,972,973,974,975,977,978,979,980,981,984,985,986,987,988,989,990,991,997,998,999,1000,1001,1002,1015,1016,1017,1019,1020,1021,1022,1023,1024,1025,1026,1027,1028,1029,1032,1033,1034,1035,1038,1039,1042,1043,1044,1045,1046,1047,1048,1049,1050,1051,1052,1055,1056,1057,1060,1061,1062,1063,1064,1065,1068,1069,1070,1071,1072,1073,1074,1075,1076,1077,1078,1081,1082,1083,1084,1085,1086,1087,1088,1089,1090,1091,1093,1094,1095,1096,1097,1098,1099,1100,1101,1102,1103,1105,1106,1107,1108,1109,1110,1111,1112,1113,1114,1115,1116,1117,1118,1119,1120,1121,1122,1123,1126,1127,1128,1129,1130,1131,1132,1133,1134,1135,1136,1138,1139,1140,1141,1143,1144,1146,1147,1148,1149,1150,1151,1152,1153,1154,1155,1156,1157,1158,1159,1160,1161,1162,1165,1166,1167,1168,1169,1170,1171,1172,1173,1174,1175,1177,1178,1179,1180,1182,1183,1184,1186,1187,1190,1191,1192,1193,1195,1196,1197,1198,1199,1200,1201,1202,1203,1204,1205,1206,1207,1208,1209,1210,1211,1212,1213,1214,1217,1218,1219,1220,1221,1222,1223,1224,1225,1226,1227,1229,1230,1231,1232,1233,1234,1235,1236,1242,1243,1244,1245,1246,1258,1259,1260,1261,1263,1264,1265,1266,1267,1268,1269,1270,1271,1272,1273,1274,1275,1276,1277,1278,1279,1280,1281,1282,1285,1286,1287,1288,1289,1290,1291,1292,1293,1294,1295,1297,1298,1300,1301,1302,1303,1304,1305,1306,1307,1308,1311,1312,1313,1314,1315,1316,1317,1318,1319,1320,1321,1323,1324,1325,1326,1327,1328,1330,1331,1332,1333,1334,1335,1336,1337,1338,1341,1342,1343,1344,1345,1346,1347,1348,1349,1350,1351,1353,1354,1356,1357,1358,1359,1360,1361,1362,1363,1364,1367,1368,1369,1370,1371,1372,1373,1374,1375,1376,1377,1379,1380,1381,1382,1387,1388,1390,1391,1392,1393,1394,1395,1396,1397,1398,1399,1400,1401,1402,1403,1404,1405,1406,1412,1413,1414,1415,1416,1417

src/preload/skill-api.ts
  uncovered_count: 115
  uncovered_lines: 376,377,413,414,415,418,419,455,457,537,538,539,544,546,549,550,552,555,557,562,565,566,568,569,570,571,574,575,576,577,580,585,587,588,589,590,593,594,596,597,598,599,602,605,606,608,609,610,611,614,615,617,618,619,620,625,630,633,634,635,638,639,640,641,644,647,648,649,654,657,659,662,663,665,666,667,668,671,674,675,676,677,689,694,697,698,700,701,702,703,706,707,708,709,710,716,717,718,719,722,725,726,727,728,731,732,733,734,737,740,742,743,744,745,748

src/renderer/hooks/useSkillExecution.ts
  uncovered_count: 11
  uncovered_lines: 152,153,154,155,157,158,159,169,170,197,198

